Freq = 540MHz, Power = 15.12 , Attn = 3.0
108,16.35,-1.22
120,17.20,-2.08
132,17.52,-2.40
144,16.38,-1.26
156,15.96,-0.84
168,16.52,-1.39
180,17.01,-1.89
192,16.16,-1.04
204,16.09,-0.96
216,16.39,-1.26
228,16.48,-1.35
240,16.32,-1.20
252,15.85,-0.73
264,15.92,-0.80
276,16.49,-1.36
288,16.54,-1.41
300,15.83,-0.70
312,15.56,-0.43
324,16.45,-1.33
336,16.50,-1.38
348,15.68,-0.56
360,15.40,-0.28
372,15.79,-0.67
384,15.95,-0.82
396,15.76,-0.64
408,15.26,-0.13
420,15.37,-0.25
432,16.19,-1.07
444,15.81,-0.68
456,14.92,0.20
468,15.14,-0.02
480,15.86,-0.73
492,15.35,-0.23
504,14.79,0.33
516,14.99,0.14
528,15.09,0.03
540,14.98,0.15
552,14.91,0.22
564,14.61,0.52
576,15.07,0.05
588,15.27,-0.15
600,14.76,0.36
612,14.40,0.72
624,14.76,0.37
636,14.68,0.44
648,14.11,1.02
660,14.15,0.97
672,14.46,0.67
684,14.73,0.40
696,14.72,0.40
708,14.76,0.37
720,14.73,0.40
732,15.09,0.04
744,14.76,0.36
756,14.69,0.43
768,15.03,0.09
780,15.28,-0.15
792,15.17,-0.05
804,15.17,-0.05
816,15.32,-0.20
828,15.21,-0.08
840,15.18,-0.06
852,14.94,0.18
864,14.94,0.19
876,15.16,-0.04
888,15.12,0.01
900,15.00,0.13
912,15.19,-0.07
924,15.08,0.04
936,14.69,0.44
948,14.75,0.37
960,14.84,0.28
972,14.59,0.54
984,14.18,0.95
996,14.00,1.13
1008,14.05,1.07
1020,13.98,1.14
1032,14.00,1.12
1044,14.19,0.93
1056,14.53,0.59
1068,14.37,0.76
1080,14.20,0.93
1092,14.04,1.08
1104,14.27,0.85
1116,13.86,1.26
1128,13.77,1.35
1140,13.75,1.37
1152,13.81,1.32
1164,13.66,1.46
1176,13.05,2.08
1188,12.29,2.83
1200,11.92,3.20
1212,11.35,3.77
