Freq = 750MHz, Power = 15.36 , Attn = 10
5,16.09,-0.73
6,16.53,-1.17
7,16.78,-1.43
8,16.91,-1.56
9,16.98,-1.62
10,16.88,-1.53
11,17.00,-1.64
12,16.94,-1.58
13,16.99,-1.64
14,16.99,-1.64
15,16.95,-1.59
16,16.91,-1.55
17,16.88,-1.53
18,16.92,-1.56
19,16.89,-1.54
20,16.86,-1.51
21,16.81,-1.45
22,16.91,-1.56
23,16.75,-1.40
24,16.78,-1.42
25,16.77,-1.42
26,16.87,-1.52
27,16.89,-1.53
28,16.88,-1.53
29,16.86,-1.51
30,16.88,-1.52
31,16.84,-1.48
32,16.74,-1.38
33,16.79,-1.44
34,16.72,-1.36
35,16.80,-1.45
36,16.92,-1.56
37,16.80,-1.45
38,16.87,-1.51
39,16.86,-1.51
40,16.96,-1.61
41,16.89,-1.53
42,16.92,-1.56
43,16.83,-1.48
44,16.97,-1.62
45,16.90,-1.55
46,16.90,-1.54
47,16.94,-1.59
48,16.93,-1.58
49,17.11,-1.76
50,16.88,-1.52
51,16.89,-1.53
52,17.02,-1.66
53,17.12,-1.77
54,17.02,-1.66
55,17.20,-1.84
56,17.14,-1.78
57,17.11,-1.75
58,17.06,-1.71
59,17.06,-1.70
60,17.18,-1.82
61,17.13,-1.78
62,17.12,-1.77
63,17.08,-1.72
64,17.07,-1.72
65,17.08,-1.72
66,16.93,-1.57
67,16.98,-1.63
68,16.87,-1.51
69,16.90,-1.54
70,16.88,-1.52
71,16.96,-1.61
72,16.88,-1.53
73,16.78,-1.42
74,16.84,-1.49
75,16.76,-1.40
76,16.71,-1.35
77,16.78,-1.43
78,16.82,-1.46
79,16.74,-1.38
80,16.70,-1.35
81,16.67,-1.31
82,16.74,-1.39
83,16.73,-1.38
84,16.86,-1.51
85,16.77,-1.42
86,16.71,-1.35
87,16.84,-1.49
88,16.79,-1.43
89,16.76,-1.40
90,16.90,-1.54
91,16.96,-1.60
92,16.83,-1.48
93,16.86,-1.50
94,16.92,-1.56
95,16.85,-1.49
96,16.94,-1.58
97,16.94,-1.58
98,16.89,-1.53
99,16.87,-1.51
100,17.13,-1.78
101,17.04,-1.69
102,16.95,-1.59
103,16.98,-1.62
104,16.84,-1.48
105,16.93,-1.57
106,16.85,-1.50
107,16.91,-1.55
108,16.95,-1.59
109,16.87,-1.51
110,16.79,-1.43
111,16.84,-1.48
112,16.80,-1.45
113,16.65,-1.30
114,16.69,-1.33
115,16.53,-1.18
116,16.59,-1.23
117,16.67,-1.31
118,16.60,-1.25
119,16.67,-1.31
120,16.61,-1.26
121,16.60,-1.24
122,16.52,-1.16
123,16.50,-1.15
124,16.49,-1.13
125,16.49,-1.13
126,16.52,-1.16
127,16.45,-1.10
128,16.60,-1.24
129,16.59,-1.23
130,16.57,-1.22
131,16.47,-1.12
132,16.44,-1.08
133,16.52,-1.16
134,16.60,-1.24
135,16.56,-1.20
136,16.53,-1.18
137,16.54,-1.18
138,16.71,-1.35
139,16.47,-1.11
140,16.56,-1.21
141,16.51,-1.15
142,16.57,-1.21
143,16.53,-1.18
144,16.58,-1.22
145,16.47,-1.11
146,16.64,-1.28
147,16.43,-1.07
148,16.43,-1.07
149,16.40,-1.05
150,16.46,-1.11
151,16.48,-1.12
152,16.38,-1.03
153,16.25,-0.89
154,16.33,-0.98
155,16.27,-0.92
156,16.41,-1.05
157,16.37,-1.02
158,16.34,-0.99
159,16.44,-1.08
160,16.32,-0.96
161,16.35,-0.99
162,16.23,-0.87
163,16.41,-1.05
164,16.31,-0.96
165,16.38,-1.02
166,16.41,-1.05
167,16.28,-0.92
168,16.14,-0.78
169,16.32,-0.97
170,16.24,-0.89
171,16.29,-0.94
172,16.22,-0.87
173,16.22,-0.87
174,16.23,-0.87
175,16.23,-0.87
176,16.28,-0.93
177,16.17,-0.81
178,16.24,-0.88
179,16.18,-0.82
180,16.09,-0.73
181,16.07,-0.71
182,16.05,-0.69
183,15.99,-0.64
184,16.09,-0.73
185,16.17,-0.81
186,16.18,-0.82
187,16.13,-0.77
188,16.17,-0.82
189,16.13,-0.77
190,16.20,-0.85
191,16.09,-0.73
192,16.33,-0.98
193,16.12,-0.76
194,16.15,-0.79
195,16.27,-0.92
196,16.14,-0.78
197,16.37,-1.01
198,16.24,-0.89
199,16.26,-0.90
200,16.39,-1.03
201,16.17,-0.81
202,16.29,-0.93
203,16.35,-0.99
204,16.25,-0.89
205,16.26,-0.91
206,16.30,-0.94
207,16.23,-0.88
208,16.20,-0.85
209,16.33,-0.97
210,16.26,-0.90
211,16.20,-0.84
212,16.22,-0.87
213,16.12,-0.76
214,16.07,-0.71
215,16.15,-0.79
216,16.01,-0.66
217,16.14,-0.79
218,16.15,-0.80
219,16.10,-0.75
220,16.05,-0.70
221,15.90,-0.54
222,16.05,-0.69
223,15.79,-0.44
224,15.90,-0.55
225,15.98,-0.62
226,15.87,-0.51
227,16.00,-0.64
228,15.95,-0.59
229,15.99,-0.64
230,15.98,-0.63
231,16.07,-0.71
232,15.93,-0.58
233,16.04,-0.68
234,16.03,-0.68
235,16.00,-0.65
236,15.95,-0.59
237,16.05,-0.69
238,16.17,-0.81
239,16.14,-0.79
240,16.06,-0.70
241,16.07,-0.72
242,16.11,-0.76
243,16.13,-0.78
244,16.18,-0.83
245,16.15,-0.79
246,16.05,-0.70
247,16.05,-0.70
248,16.04,-0.68
249,15.94,-0.58
250,16.14,-0.79
251,16.05,-0.69
252,16.14,-0.78
253,15.99,-0.63
254,16.11,-0.75
255,16.01,-0.66
256,16.03,-0.67
257,16.05,-0.70
258,16.00,-0.64
259,15.99,-0.64
260,16.03,-0.67
261,16.05,-0.70
262,16.01,-0.65
263,16.02,-0.66
264,16.05,-0.70
265,16.02,-0.66
266,16.15,-0.79
267,16.09,-0.74
268,16.02,-0.67
269,15.99,-0.63
270,16.13,-0.78
271,16.07,-0.72
272,16.21,-0.85
273,16.01,-0.66
274,16.17,-0.82
275,16.09,-0.74
276,16.07,-0.71
277,16.10,-0.75
278,16.03,-0.68
279,16.14,-0.78
280,15.96,-0.61
281,16.04,-0.68
282,15.92,-0.56
283,16.09,-0.73
284,16.01,-0.66
285,16.02,-0.67
286,16.09,-0.73
287,16.09,-0.73
288,16.10,-0.74
289,16.01,-0.65
290,16.07,-0.71
291,16.01,-0.65
292,15.97,-0.61
293,16.12,-0.76
294,15.93,-0.57
295,16.00,-0.64
296,15.94,-0.58
297,16.02,-0.66
298,16.02,-0.66
299,15.85,-0.49
300,15.98,-0.62
301,16.12,-0.76
302,16.04,-0.68
303,15.97,-0.62
304,15.92,-0.56
305,16.10,-0.75
306,15.93,-0.58
307,15.92,-0.57
308,15.80,-0.45
309,15.86,-0.50
310,16.04,-0.69
311,15.93,-0.57
312,15.74,-0.38
313,15.85,-0.50
314,15.73,-0.37
315,15.85,-0.49
316,15.84,-0.48
317,15.89,-0.53
318,15.87,-0.51
319,15.78,-0.43
320,15.78,-0.43
321,15.71,-0.35
322,15.79,-0.43
323,15.81,-0.45
324,15.91,-0.56
325,15.77,-0.41
326,15.81,-0.46
327,15.84,-0.49
328,15.78,-0.42
329,15.85,-0.49
330,15.75,-0.39
331,15.83,-0.47
332,15.74,-0.38
333,15.86,-0.51
334,15.78,-0.43
335,15.76,-0.41
336,15.84,-0.48
337,15.82,-0.46
338,15.67,-0.32
339,15.80,-0.44
340,15.89,-0.53
341,15.72,-0.36
342,15.76,-0.41
343,15.68,-0.32
344,15.60,-0.24
345,15.62,-0.26
346,15.73,-0.37
347,15.72,-0.36
348,15.69,-0.33
349,15.62,-0.27
350,15.62,-0.26
351,15.59,-0.24
352,15.56,-0.20
353,15.53,-0.18
354,15.54,-0.18
355,15.60,-0.24
356,15.57,-0.21
357,15.50,-0.14
358,15.58,-0.22
359,15.54,-0.18
360,15.51,-0.16
361,15.52,-0.16
362,15.59,-0.24
363,15.57,-0.21
364,15.51,-0.16
365,15.62,-0.26
366,15.69,-0.34
367,15.65,-0.30
368,15.65,-0.30
369,15.70,-0.34
370,15.59,-0.23
371,15.70,-0.34
372,15.70,-0.35
373,15.74,-0.38
374,15.70,-0.35
375,15.64,-0.29
376,15.54,-0.18
377,15.63,-0.28
378,15.64,-0.29
379,15.49,-0.13
380,15.43,-0.07
381,15.48,-0.12
382,15.54,-0.18
383,15.53,-0.18
384,15.47,-0.11
385,15.46,-0.11
386,15.23,0.12
387,15.33,0.03
388,15.35,0.00
389,15.48,-0.12
390,15.38,-0.03
391,15.32,0.04
392,15.37,-0.01
393,15.35,0.00
394,15.34,0.02
395,15.42,-0.06
396,15.51,-0.15
397,15.45,-0.10
398,15.47,-0.12
399,15.61,-0.25
400,15.60,-0.24
401,15.63,-0.27
402,15.47,-0.11
403,15.50,-0.14
404,15.58,-0.23
405,15.63,-0.28
406,15.51,-0.15
407,15.53,-0.17
408,15.53,-0.18
409,15.58,-0.22
410,15.43,-0.08
411,15.53,-0.17
412,15.53,-0.17
413,15.42,-0.07
414,15.49,-0.14
415,15.48,-0.12
416,15.37,-0.02
417,15.42,-0.07
418,15.34,0.02
419,15.36,-0.01
420,15.31,0.05
421,15.36,-0.00
422,15.29,0.06
423,15.20,0.16
424,15.31,0.04
425,15.23,0.13
426,15.21,0.14
427,15.13,0.23
428,15.11,0.24
429,15.17,0.19
430,15.09,0.27
431,15.13,0.22
432,15.22,0.13
433,15.13,0.23
434,15.08,0.27
435,15.23,0.13
436,15.21,0.14
437,15.08,0.27
438,15.28,0.07
439,15.25,0.10
440,15.23,0.13
441,15.31,0.05
442,15.34,0.02
443,15.31,0.05
444,15.31,0.05
445,15.34,0.01
446,15.41,-0.06
447,15.25,0.10
448,15.31,0.05
449,15.19,0.17
450,15.27,0.09
451,15.29,0.06
452,15.29,0.07
453,15.18,0.17
454,15.25,0.11
455,15.04,0.32
456,15.23,0.12
457,15.19,0.16
458,15.12,0.24
459,15.10,0.25
460,15.13,0.22
461,14.85,0.50
462,14.96,0.40
463,15.12,0.23
464,15.00,0.35
465,14.91,0.45
466,14.91,0.45
467,14.99,0.37
468,14.98,0.37
469,14.93,0.43
470,14.92,0.44
471,15.04,0.31
472,15.03,0.33
473,14.89,0.47
474,14.91,0.45
475,14.91,0.44
476,14.93,0.43
477,15.02,0.34
478,14.91,0.45
479,14.83,0.53
480,14.94,0.42
481,14.97,0.39
482,14.89,0.47
483,14.87,0.48
484,15.10,0.26
485,15.05,0.30
486,15.06,0.29
487,14.98,0.37
488,14.92,0.44
489,14.94,0.42
490,15.09,0.26
491,14.87,0.48
492,14.97,0.39
493,14.93,0.43
494,14.99,0.36
495,14.77,0.59
496,14.88,0.48
497,14.94,0.42
498,14.94,0.41
499,14.94,0.42
500,14.89,0.47
501,14.89,0.47
502,14.80,0.55
503,14.83,0.52
504,14.79,0.56
505,14.75,0.60
506,14.79,0.56
507,14.92,0.43
508,14.89,0.46
509,14.82,0.53
510,14.86,0.50
511,14.73,0.63
512,14.94,0.42
513,14.89,0.46
514,14.94,0.41
515,14.89,0.47
516,14.80,0.56
517,14.79,0.57
518,14.75,0.61
519,14.89,0.46
520,14.77,0.58
521,14.65,0.71
522,14.67,0.69
523,14.56,0.79
524,14.75,0.60
525,14.80,0.55
526,14.75,0.61
527,14.70,0.65
528,14.56,0.79
529,14.73,0.63
530,14.63,0.73
531,14.71,0.64
532,14.63,0.73
533,14.62,0.73
534,14.66,0.70
535,14.70,0.65
536,14.66,0.70
537,14.64,0.72
538,14.62,0.74
539,14.74,0.62
540,14.79,0.57
541,14.64,0.72
542,14.75,0.61
543,14.66,0.70
544,14.69,0.67
545,14.78,0.58
546,14.68,0.68
547,14.62,0.74
548,14.76,0.59
549,14.67,0.69
550,14.77,0.59
551,14.76,0.60
552,14.73,0.62
553,14.64,0.72
554,14.67,0.68
555,14.76,0.60
556,14.59,0.76
557,14.74,0.61
558,14.67,0.69
559,14.86,0.50
560,14.82,0.53
561,14.69,0.67
562,14.69,0.66
563,14.67,0.69
564,14.63,0.73
565,14.66,0.69
566,14.60,0.76
567,14.69,0.67
568,14.64,0.72
569,14.66,0.70
570,14.67,0.68
571,14.55,0.81
572,14.64,0.71
573,14.61,0.74
574,14.67,0.68
575,14.57,0.79
576,14.58,0.78
577,14.58,0.78
578,14.63,0.73
579,14.54,0.81
580,14.66,0.70
581,14.48,0.87
582,14.60,0.76
583,14.61,0.74
584,14.58,0.77
585,14.53,0.83
586,14.43,0.92
587,14.61,0.75
588,14.51,0.84
589,14.52,0.84
590,14.70,0.66
591,14.56,0.80
592,14.60,0.76
593,14.49,0.87
594,14.54,0.81
595,14.58,0.77
596,14.52,0.83
597,14.52,0.84
598,14.61,0.75
599,14.48,0.87
600,14.54,0.82
601,14.40,0.96
602,14.49,0.86
603,14.49,0.87
604,14.58,0.78
605,14.47,0.88
606,14.50,0.86
607,14.46,0.89
608,14.52,0.84
609,14.46,0.90
610,14.55,0.80
611,14.47,0.88
612,14.47,0.89
613,14.54,0.81
614,14.48,0.88
615,14.38,0.97
616,14.43,0.92
617,14.61,0.74
618,14.43,0.93
619,14.45,0.90
620,14.40,0.95
621,14.45,0.90
622,14.37,0.98
623,14.36,1.00
624,14.54,0.82
625,14.40,0.96
626,14.44,0.91
627,14.29,1.06
628,14.46,0.90
629,14.39,0.96
630,14.42,0.94
631,14.51,0.85
632,14.49,0.87
633,14.37,0.99
634,14.45,0.91
635,14.41,0.95
636,14.47,0.88
637,14.64,0.71
638,14.45,0.91
639,14.52,0.84
640,14.44,0.91
641,14.43,0.92
642,14.45,0.91
643,14.48,0.88
644,14.59,0.76
645,14.55,0.81
646,14.43,0.92
647,14.65,0.70
648,14.60,0.76
649,14.47,0.88
650,14.45,0.90
651,14.53,0.83
652,14.54,0.82
653,14.49,0.87
654,14.50,0.85
655,14.54,0.82
656,14.40,0.96
657,14.54,0.81
658,14.63,0.73
659,14.40,0.96
660,14.55,0.81
661,14.47,0.89
662,14.53,0.82
663,14.62,0.74
664,14.39,0.96
665,14.58,0.78
666,14.55,0.81
667,14.48,0.88
668,14.45,0.91
669,14.45,0.90
670,14.63,0.73
671,14.41,0.95
672,14.62,0.74
673,14.64,0.72
674,14.47,0.88
675,14.59,0.76
676,14.61,0.75
677,14.75,0.61
678,14.64,0.72
679,14.69,0.67
680,14.57,0.78
681,14.63,0.72
682,14.67,0.69
683,14.71,0.64
684,14.69,0.67
685,14.69,0.67
686,14.73,0.62
687,14.67,0.69
688,14.76,0.60
689,14.68,0.68
690,14.71,0.64
691,14.92,0.44
692,14.72,0.63
693,14.76,0.59
694,14.82,0.54
695,14.84,0.52
696,14.85,0.50
697,14.78,0.58
698,14.77,0.59
699,14.82,0.53
700,14.77,0.58
701,14.83,0.52
702,14.66,0.70
703,14.90,0.46
704,14.81,0.54
705,14.87,0.49
706,14.88,0.47
707,14.96,0.39
708,14.90,0.45
709,14.81,0.55
710,14.83,0.52
711,15.04,0.31
712,14.82,0.54
713,14.92,0.44
714,15.02,0.33
715,15.11,0.25
716,14.92,0.44
717,15.06,0.30
718,15.08,0.27
719,15.04,0.32
720,15.06,0.30
721,15.09,0.26
722,15.08,0.28
723,15.05,0.31
724,15.07,0.29
725,14.97,0.39
726,15.08,0.27
727,15.04,0.32
728,15.03,0.33
729,15.03,0.32
730,15.10,0.25
731,15.00,0.35
732,15.01,0.35
733,15.11,0.24
734,15.03,0.32
735,15.02,0.33
736,15.05,0.30
737,15.20,0.15
738,15.11,0.24
739,15.15,0.20
740,15.00,0.36
741,14.99,0.36
742,15.03,0.33
743,15.04,0.32
744,15.17,0.19
745,15.12,0.23
746,15.10,0.26
747,15.20,0.16
748,15.21,0.15
749,15.22,0.14
750,15.14,0.22
751,15.28,0.08
752,15.32,0.03
753,15.07,0.28
754,15.28,0.08
755,15.32,0.03
756,15.26,0.10
757,15.47,-0.11
758,15.25,0.11
759,15.30,0.06
760,15.39,-0.03
761,15.40,-0.04
762,15.43,-0.08
763,15.35,0.00
764,15.40,-0.05
765,15.41,-0.05
766,15.33,0.03
767,15.43,-0.07
768,15.28,0.07
769,15.35,0.01
770,15.35,0.01
771,15.29,0.07
772,15.38,-0.02
773,15.34,0.01
774,15.44,-0.09
775,15.33,0.03
776,15.53,-0.17
777,15.41,-0.05
778,15.47,-0.11
779,15.41,-0.05
780,15.44,-0.09
781,15.55,-0.20
782,15.38,-0.02
783,15.46,-0.11
784,15.61,-0.25
785,15.54,-0.18
786,15.61,-0.26
787,15.67,-0.31
788,15.54,-0.18
789,15.57,-0.21
790,15.70,-0.34
791,15.70,-0.35
792,15.59,-0.23
793,15.76,-0.40
794,15.73,-0.37
795,15.66,-0.30
796,15.84,-0.48
797,15.90,-0.54
798,15.66,-0.31
799,15.80,-0.44
800,15.57,-0.22
801,15.79,-0.44
802,15.81,-0.46
803,15.70,-0.34
804,15.84,-0.48
805,15.68,-0.32
806,15.77,-0.41
807,15.78,-0.42
808,15.77,-0.41
809,15.64,-0.28
810,15.75,-0.39
811,15.75,-0.39
812,15.81,-0.46
813,15.69,-0.33
814,15.72,-0.37
815,15.72,-0.36
816,15.64,-0.28
817,15.71,-0.36
818,15.54,-0.18
819,15.88,-0.52
820,15.72,-0.36
821,15.79,-0.43
822,15.76,-0.41
823,15.61,-0.25
824,15.60,-0.25
825,15.79,-0.43
826,15.72,-0.36
827,15.73,-0.38
828,15.65,-0.29
829,15.60,-0.24
830,15.80,-0.44
831,15.62,-0.26
832,15.66,-0.30
833,15.76,-0.41
834,15.73,-0.37
835,15.68,-0.33
836,15.82,-0.46
837,15.61,-0.25
838,15.67,-0.32
839,15.76,-0.40
840,15.68,-0.32
841,15.65,-0.29
842,15.68,-0.32
843,15.81,-0.45
844,15.71,-0.35
845,15.68,-0.32
846,15.65,-0.30
847,15.71,-0.35
848,15.63,-0.27
849,15.72,-0.36
850,15.77,-0.42
851,15.72,-0.37
852,15.76,-0.40
853,15.64,-0.28
854,15.78,-0.43
855,15.79,-0.44
856,15.90,-0.54
857,15.74,-0.38
858,15.81,-0.46
859,15.85,-0.49
860,15.81,-0.46
861,15.85,-0.49
862,15.80,-0.45
863,15.69,-0.34
864,15.83,-0.48
865,15.90,-0.54
866,15.84,-0.48
867,15.76,-0.41
868,15.66,-0.30
869,15.85,-0.50
870,15.77,-0.42
871,15.77,-0.41
872,15.86,-0.51
873,15.91,-0.55
874,15.97,-0.61
875,15.78,-0.43
876,15.83,-0.47
877,15.89,-0.53
878,15.99,-0.63
879,16.01,-0.66
880,16.03,-0.68
881,15.92,-0.56
882,15.92,-0.56
883,16.00,-0.64
884,15.90,-0.54
885,16.03,-0.68
886,16.06,-0.70
887,16.04,-0.68
888,15.99,-0.63
889,16.04,-0.68
890,15.98,-0.62
891,15.89,-0.54
892,16.09,-0.73
893,15.90,-0.55
894,16.00,-0.65
895,15.86,-0.50
896,15.87,-0.51
897,16.07,-0.71
898,15.92,-0.57
899,15.96,-0.61
900,15.97,-0.62
901,15.96,-0.61
902,15.98,-0.62
903,15.95,-0.59
904,16.08,-0.72
905,16.07,-0.71
906,16.03,-0.67
907,15.97,-0.61
908,16.03,-0.67
909,15.99,-0.64
910,15.96,-0.61
911,15.93,-0.57
912,16.01,-0.65
913,15.87,-0.52
914,15.98,-0.63
915,15.97,-0.61
916,15.87,-0.51
917,15.93,-0.57
918,15.98,-0.62
919,15.88,-0.52
920,15.90,-0.54
921,15.89,-0.53
922,15.84,-0.49
923,15.86,-0.50
924,15.77,-0.42
925,15.78,-0.42
926,15.87,-0.52
927,15.88,-0.52
928,15.83,-0.48
929,15.78,-0.42
930,15.73,-0.37
931,15.61,-0.25
932,15.71,-0.36
933,15.67,-0.32
934,15.66,-0.31
935,15.74,-0.39
936,15.57,-0.21
937,15.73,-0.37
938,15.70,-0.34
939,15.69,-0.34
940,15.62,-0.26
941,15.71,-0.35
942,15.66,-0.30
943,15.61,-0.25
944,15.68,-0.32
945,15.77,-0.41
946,15.66,-0.30
947,15.66,-0.30
948,15.57,-0.21
949,15.73,-0.38
950,15.60,-0.24
951,15.67,-0.31
952,15.55,-0.19
953,15.63,-0.28
954,15.65,-0.29
955,15.69,-0.34
956,15.54,-0.19
957,15.62,-0.27
958,15.50,-0.14
959,15.45,-0.09
960,15.53,-0.18
961,15.44,-0.08
962,15.49,-0.13
963,15.39,-0.03
964,15.34,0.01
965,15.46,-0.11
966,15.47,-0.11
967,15.25,0.11
968,15.33,0.02
969,15.28,0.07
970,15.29,0.07
971,15.37,-0.01
972,15.34,0.01
973,15.38,-0.02
974,15.39,-0.03
975,15.29,0.06
976,15.32,0.04
977,15.30,0.05
978,15.20,0.16
979,15.41,-0.05
980,15.33,0.03
981,15.34,0.02
982,15.27,0.08
983,15.39,-0.04
984,15.45,-0.09
985,15.31,0.05
986,15.24,0.12
987,15.25,0.10
988,15.36,-0.00
989,15.34,0.02
990,15.33,0.02
991,15.32,0.03
992,15.28,0.08
993,15.36,-0.00
994,15.32,0.04
995,15.37,-0.02
996,15.37,-0.02
997,15.30,0.06
998,15.28,0.08
999,15.33,0.03
1000,15.15,0.20
1001,15.19,0.17
1002,15.13,0.23
1003,15.08,0.28
1004,15.06,0.30
1005,15.02,0.34
1006,15.18,0.18
1007,15.05,0.30
1008,15.14,0.21
1009,15.14,0.22
1010,15.08,0.28
1011,15.01,0.35
1012,14.88,0.47
1013,14.96,0.39
1014,15.12,0.23
1015,15.07,0.29
1016,15.11,0.25
1017,15.01,0.35
1018,15.22,0.13
1019,15.16,0.20
1020,15.12,0.23
1021,15.03,0.32
1022,15.21,0.15
1023,15.15,0.21
1024,15.17,0.19
1025,15.06,0.30
1026,15.21,0.15
1027,15.12,0.24
1028,15.23,0.12
1029,15.08,0.28
1030,15.21,0.15
1031,15.19,0.16
1032,15.13,0.23
1033,15.22,0.13
1034,15.18,0.17
1035,15.14,0.22
1036,15.21,0.14
1037,15.13,0.23
1038,15.18,0.17
1039,15.29,0.06
1040,15.08,0.28
1041,14.99,0.37
1042,15.10,0.26
1043,15.02,0.33
1044,15.09,0.27
1045,15.12,0.23
1046,15.04,0.32
1047,15.06,0.30
1048,15.15,0.20
1049,15.16,0.19
1050,15.23,0.13
1051,15.16,0.20
1052,15.17,0.19
1053,15.06,0.29
1054,15.13,0.22
1055,15.13,0.23
1056,15.28,0.08
1057,15.34,0.01
1058,15.19,0.17
1059,15.26,0.10
1060,15.24,0.12
1061,15.26,0.09
1062,15.30,0.06
1063,15.41,-0.06
1064,15.29,0.07
1065,15.26,0.10
1066,15.35,0.01
1067,15.45,-0.09
1068,15.41,-0.05
1069,15.43,-0.07
1070,15.43,-0.07
1071,15.22,0.14
1072,15.53,-0.17
1073,15.47,-0.12
1074,15.36,-0.00
1075,15.43,-0.07
1076,15.57,-0.22
1077,15.51,-0.16
1078,15.49,-0.13
1079,15.44,-0.08
1080,15.41,-0.05
1081,15.48,-0.12
1082,15.50,-0.14
1083,15.54,-0.18
1084,15.49,-0.13
1085,15.53,-0.17
1086,15.57,-0.22
1087,15.57,-0.22
1088,15.59,-0.23
1089,15.64,-0.29
1090,15.56,-0.21
1091,15.57,-0.21
1092,15.64,-0.29
1093,15.70,-0.34
1094,15.65,-0.30
1095,15.77,-0.41
1096,15.60,-0.24
1097,15.77,-0.42
1098,15.66,-0.30
1099,15.68,-0.32
1100,15.76,-0.41
1101,15.78,-0.42
1102,15.78,-0.43
1103,15.79,-0.43
1104,15.85,-0.49
1105,15.78,-0.43
1106,15.79,-0.44
1107,15.79,-0.44
1108,15.79,-0.43
1109,15.71,-0.36
1110,15.82,-0.46
1111,15.82,-0.47
1112,15.81,-0.45
1113,15.78,-0.43
1114,15.79,-0.43
1115,15.98,-0.63
1116,15.84,-0.48
1117,15.81,-0.45
1118,15.91,-0.56
1119,15.82,-0.46
1120,15.83,-0.48
1121,15.79,-0.44
1122,15.85,-0.49
1123,15.82,-0.47
1124,16.03,-0.68
1125,15.96,-0.61
1126,15.88,-0.52
1127,15.85,-0.50
1128,15.96,-0.61
1129,16.01,-0.66
1130,15.99,-0.64
1131,15.88,-0.52
1132,16.05,-0.69
1133,15.97,-0.62
1134,15.99,-0.63
1135,15.99,-0.63
1136,15.85,-0.50
1137,16.02,-0.67
1138,15.85,-0.49
1139,15.93,-0.57
1140,15.97,-0.62
1141,15.85,-0.49
1142,15.92,-0.56
1143,15.92,-0.57
1144,15.93,-0.58
1145,15.94,-0.58
1146,15.79,-0.44
1147,15.97,-0.62
1148,15.83,-0.48
1149,15.67,-0.31
1150,15.96,-0.60
1151,15.70,-0.35
1152,15.70,-0.35
1153,15.76,-0.40
1154,15.59,-0.24
1155,15.70,-0.35
1156,15.73,-0.37
1157,15.56,-0.20
1158,15.69,-0.33
1159,15.48,-0.12
1160,15.48,-0.13
1161,15.38,-0.02
1162,15.41,-0.06
1163,15.39,-0.03
1164,15.30,0.06
1165,15.34,0.02
1166,15.26,0.09
1167,15.28,0.07
1168,15.21,0.14
1169,15.22,0.13
1170,15.21,0.15
1171,15.09,0.26
1172,14.97,0.39
1173,15.02,0.34
1174,15.00,0.36
1175,14.89,0.46
1176,14.81,0.55
1177,14.69,0.66
1178,14.78,0.57
1179,14.83,0.53
1180,14.78,0.57
1181,14.82,0.54
1182,14.71,0.64
1183,14.62,0.73
1184,14.64,0.72
1185,14.61,0.75
1186,14.51,0.85
1187,14.65,0.71
1188,14.55,0.81
1189,14.52,0.84
1190,14.57,0.79
1191,14.61,0.75
1192,14.50,0.85
1193,14.50,0.86
1194,14.59,0.76
1195,14.61,0.74
1196,14.30,1.05
1197,14.42,0.94
1198,14.36,0.99
1199,14.23,1.12
1200,14.46,0.90
1201,14.20,1.16
1202,14.01,1.35
1203,14.09,1.27
1204,13.99,1.37
1205,14.00,1.36
1206,13.90,1.46
1207,13.90,1.45
1208,13.88,1.47
1209,13.77,1.59
1210,13.81,1.54
1211,13.74,1.61
1212,13.77,1.59
1213,13.56,1.79
1214,13.72,1.64
1215,13.67,1.69
1216,13.53,1.83
1217,13.62,1.74
1218,13.57,1.79
1219,13.53,1.82
1220,13.51,1.85
1221,13.53,1.82
1222,13.51,1.84
1223,13.36,1.99
1224,13.33,2.03
1225,13.41,1.95
1226,13.40,1.96
1227,13.33,2.03
1228,13.31,2.04
1229,13.30,2.06
1230,13.29,2.07
1231,13.17,2.19
1232,13.33,2.03
1233,13.29,2.06
1234,13.27,2.09
1235,13.26,2.09
1236,13.23,2.13
1237,13.15,2.21
1238,13.20,2.15
1239,13.13,2.22
1240,13.20,2.15
1241,13.15,2.21
1242,13.13,2.22
1243,13.13,2.23
1244,13.09,2.27
1245,13.04,2.31
1246,12.98,2.38
1247,13.01,2.35
1248,13.00,2.36
1249,13.01,2.35
1250,13.07,2.29
1251,12.95,2.41
1252,12.97,2.39
1253,13.01,2.35
1254,12.98,2.38
1255,12.97,2.38
1256,12.93,2.43
1257,12.92,2.44
1258,12.92,2.43
1259,12.88,2.47
1260,12.94,2.42
1261,13.06,2.30
1262,12.82,2.54
1263,12.70,2.66
1264,12.84,2.52
1265,12.73,2.63
1266,12.79,2.56
1267,12.63,2.72
1268,12.69,2.67
1269,12.68,2.67
1270,12.68,2.68
1271,12.58,2.77
1272,12.49,2.87
1273,12.56,2.80
1274,12.46,2.89
1275,12.57,2.78
1276,12.44,2.92
1277,12.43,2.92
1278,12.45,2.91
1279,12.25,3.11
1280,12.22,3.14
1281,12.29,3.07
1282,12.20,3.16
1283,12.31,3.04
1284,12.40,2.96
1285,12.14,3.22
1286,12.15,3.20
1287,12.22,3.13
1288,12.40,2.96
1289,12.18,3.18
1290,12.22,3.14
1291,12.22,3.14
1292,12.37,2.98
1293,12.29,3.07
1294,12.28,3.07
1295,12.33,3.03
1296,12.40,2.95
1297,12.43,2.93
1298,12.24,3.11
1299,12.43,2.93
1300,12.40,2.96
1301,12.53,2.82
1302,12.29,3.06
1303,12.40,2.96
1304,12.46,2.90
1305,12.49,2.86
1306,12.50,2.86
1307,12.37,2.99
1308,12.37,2.99
1309,12.49,2.86
1310,12.35,3.01
1311,12.37,2.99
1312,12.43,2.93
1313,12.37,2.99
1314,12.39,2.97
1315,12.37,2.98
1316,12.24,3.12
1317,12.43,2.93
1318,12.20,3.16
1319,12.22,3.14
1320,12.23,3.12
1321,12.37,2.99
1322,12.16,3.19
1323,12.26,3.09
1324,12.15,3.21
1325,12.24,3.12
1326,12.19,3.17
1327,12.15,3.21
1328,12.13,3.23
1329,12.12,3.23
1330,12.12,3.24
1331,12.21,3.15
1332,12.10,3.26
1333,12.19,3.17
1334,12.08,3.27
1335,12.17,3.19
1336,12.25,3.10
1337,12.16,3.20
1338,12.21,3.14
1339,12.25,3.10
1340,12.12,3.24
1341,12.38,2.98
1342,12.27,3.08
1343,12.27,3.09
1344,12.51,2.84
1345,12.41,2.95
1346,12.44,2.91
1347,12.38,2.98
1348,12.64,2.72
1349,12.46,2.90
1350,12.45,2.90
1351,12.64,2.72
1352,12.70,2.66
1353,12.61,2.74
1354,12.59,2.77
1355,12.71,2.65
1356,12.67,2.68
1357,12.65,2.71
1358,12.70,2.66
1359,12.80,2.56
1360,12.66,2.70
1361,12.72,2.64
1362,12.66,2.69
1363,12.79,2.56
1364,12.65,2.70
1365,12.70,2.66
1366,12.72,2.64
1367,12.54,2.81
1368,12.66,2.70
1369,12.51,2.85
1370,12.49,2.87
1371,12.37,2.99
1372,12.50,2.85
1373,12.35,3.01
1374,12.35,3.01
1375,12.37,2.99
1376,12.29,3.07
1377,12.29,3.07
1378,12.17,3.19
1379,12.18,3.18
1380,12.23,3.12
1381,12.29,3.07
1382,12.20,3.15
1383,12.07,3.28
1384,12.28,3.07
1385,12.22,3.13
1386,12.19,3.16
1387,12.33,3.03
1388,12.25,3.11
1389,12.17,3.18
1390,12.30,3.06
1391,12.28,3.07
1392,12.35,3.01
1393,12.29,3.06
1394,12.37,2.98
1395,12.39,2.96
1396,12.39,2.96
1397,12.45,2.91
1398,12.43,2.92
1399,12.55,2.80
1400,12.50,2.85
1401,12.49,2.87
1402,12.43,2.92
1403,12.54,2.82
1404,12.62,2.74
1405,12.58,2.78
1406,12.76,2.60
1407,12.59,2.77
1408,12.55,2.80
1409,12.47,2.89
1410,12.54,2.82
1411,12.65,2.70
1412,12.62,2.73
1413,12.59,2.76
1414,12.66,2.69
1415,12.61,2.75
1416,12.44,2.92
1417,12.44,2.92
1418,12.46,2.90
1419,12.42,2.93
1420,12.35,3.01
1421,12.39,2.97
1422,12.24,3.11
1423,12.39,2.97
1424,12.20,3.16
1425,12.23,3.13
1426,12.17,3.19
1427,12.05,3.31
1428,12.13,3.23
1429,12.09,3.27
1430,12.06,3.30
1431,12.06,3.30
1432,11.84,3.52
1433,11.84,3.52
1434,11.92,3.44
1435,11.94,3.42
1436,11.69,3.67
1437,11.59,3.77
1438,11.69,3.66
1439,11.64,3.71
1440,11.73,3.62
1441,11.62,3.73
1442,11.72,3.64
1443,11.72,3.64
1444,11.68,3.67
1445,11.83,3.52
1446,11.75,3.61
1447,11.56,3.79
1448,11.68,3.68
1449,11.85,3.51
1450,11.85,3.50
1451,11.81,3.55
1452,11.90,3.46
1453,12.00,3.35
1454,11.97,3.38
1455,12.11,3.25
1456,12.05,3.31
1457,12.07,3.29
1458,12.04,3.31
1459,12.14,3.22
1460,12.01,3.35
1461,12.19,3.17
1462,12.24,3.11
1463,12.21,3.15
1464,12.08,3.27
1465,12.12,3.24
1466,12.18,3.17
1467,12.32,3.04
1468,12.02,3.34
1469,12.12,3.24
1470,11.95,3.41
1471,12.12,3.24
1472,11.82,3.54
1473,11.86,3.50
1474,11.81,3.54
1475,11.77,3.59
1476,11.62,3.74
1477,11.50,3.85
1478,11.43,3.92
1479,11.41,3.94
1480,11.36,3.99
1481,11.28,4.08
1482,11.16,4.20
1483,11.07,4.28
1484,10.98,4.38
1485,11.23,4.13
1486,11.04,4.32
1487,10.98,4.38
1488,10.88,4.48
1489,10.72,4.64
1490,10.86,4.50
1491,10.94,4.41
1492,10.78,4.58
1493,10.88,4.48
1494,10.70,4.66
1495,10.87,4.49
1496,10.76,4.60
1497,10.85,4.51
1498,10.90,4.45
1499,11.06,4.30
1500,11.08,4.28
