Freq = 540MHz, Power = 15.06 , Attn = 7.0
5,20.24,-2.19
6,20.59,-2.53
7,20.69,-2.63
8,17.75,-2.70
9,17.67,-2.62
10,17.63,-2.57
11,17.46,-2.40
12,17.54,-2.48
13,17.49,-2.43
14,17.42,-2.37
15,17.40,-2.35
16,17.32,-2.27
17,17.23,-2.18
18,17.27,-2.21
19,17.22,-2.17
20,17.13,-2.07
21,17.42,-2.36
22,17.29,-2.24
23,17.14,-2.09
24,17.28,-2.23
25,17.33,-2.28
26,17.31,-2.25
27,17.31,-2.26
28,17.41,-2.36
29,17.21,-2.15
30,17.30,-2.24
31,17.48,-2.42
32,17.26,-2.20
33,17.38,-2.32
34,17.37,-2.31
35,17.47,-2.42
36,17.30,-2.24
37,17.38,-2.32
38,17.58,-2.52
39,17.48,-2.42
40,17.58,-2.52
41,17.47,-2.41
42,17.63,-2.58
43,17.38,-2.33
44,17.45,-2.40
45,17.53,-2.47
46,17.55,-2.49
47,17.40,-2.35
48,17.43,-2.38
49,17.46,-2.40
50,17.46,-2.40
51,17.49,-2.43
52,17.65,-2.59
53,17.39,-2.34
54,17.34,-2.29
55,17.43,-2.37
56,17.48,-2.43
57,17.39,-2.33
58,17.29,-2.24
59,17.23,-2.17
60,17.27,-2.22
61,17.45,-2.39
62,17.57,-2.52
63,17.42,-2.37
64,17.41,-2.36
65,17.32,-2.26
66,17.41,-2.35
67,17.27,-2.21
68,17.39,-2.33
69,17.36,-2.31
70,17.35,-2.29
71,17.31,-2.26
72,17.45,-2.40
73,17.34,-2.29
74,17.33,-2.27
75,17.34,-2.29
76,17.51,-2.46
77,17.31,-2.26
78,17.45,-2.40
79,17.41,-2.36
80,17.44,-2.38
81,17.46,-2.40
82,17.26,-2.20
83,17.63,-2.58
84,17.63,-2.58
85,17.56,-2.50
86,17.72,-2.67
87,17.67,-2.61
88,17.60,-2.55
89,17.45,-2.39
90,17.46,-2.41
91,17.68,-2.63
92,17.73,-2.68
93,17.49,-2.43
94,17.69,-2.63
95,17.81,-2.75
96,17.76,-2.71
97,17.65,-2.60
98,17.51,-2.46
99,17.63,-2.58
100,17.80,-2.74
101,17.78,-2.72
102,17.56,-2.50
103,17.82,-2.76
104,17.59,-2.54
105,17.89,-2.83
106,17.82,-2.77
107,17.70,-2.64
108,17.87,-2.82
109,17.78,-2.73
110,17.86,-2.81
111,17.69,-2.63
112,17.69,-2.64
113,17.79,-2.73
114,17.74,-2.69
115,17.81,-2.75
116,17.69,-2.63
117,17.80,-2.74
118,17.74,-2.68
119,17.59,-2.54
120,17.66,-2.60
121,17.73,-2.67
122,17.74,-2.69
123,17.63,-2.58
124,17.58,-2.52
125,17.61,-2.55
126,17.54,-2.49
127,17.40,-2.34
128,17.46,-2.40
129,17.46,-2.40
130,17.43,-2.38
131,17.39,-2.33
132,17.36,-2.31
133,17.39,-2.33
134,17.39,-2.33
135,17.36,-2.30
136,17.32,-2.27
137,17.18,-2.13
138,17.18,-2.12
139,17.25,-2.20
140,17.09,-2.03
141,17.12,-2.06
142,17.10,-2.04
143,17.04,-1.99
144,17.02,-1.96
145,16.90,-1.85
146,16.87,-1.82
147,16.82,-1.77
148,16.98,-1.92
149,16.74,-1.68
150,16.79,-1.74
151,16.87,-1.81
152,16.83,-1.78
153,16.53,-1.48
154,16.82,-1.76
155,16.67,-1.62
156,16.79,-1.73
157,16.80,-1.75
158,16.62,-1.56
159,16.58,-1.52
160,16.79,-1.73
161,16.68,-1.62
162,16.49,-1.44
163,16.72,-1.67
164,16.69,-1.63
165,16.58,-1.52
166,16.72,-1.66
167,16.60,-1.54
168,16.64,-1.58
169,16.59,-1.53
170,16.70,-1.64
171,16.55,-1.49
172,16.57,-1.52
173,16.39,-1.33
174,16.39,-1.33
175,16.45,-1.39
176,16.73,-1.68
177,16.80,-1.74
178,16.67,-1.61
179,16.62,-1.56
180,16.87,-1.81
181,16.61,-1.56
182,16.72,-1.66
183,16.49,-1.43
184,16.90,-1.85
185,16.66,-1.61
186,16.84,-1.78
187,16.83,-1.78
188,16.78,-1.73
189,16.75,-1.69
190,16.83,-1.77
191,16.82,-1.77
192,16.89,-1.83
193,16.80,-1.75
194,16.85,-1.79
195,16.80,-1.75
196,16.66,-1.60
197,16.80,-1.75
198,16.84,-1.78
199,16.83,-1.77
200,16.75,-1.69
201,16.81,-1.75
202,16.78,-1.72
203,16.67,-1.62
204,16.72,-1.67
205,16.72,-1.66
206,16.65,-1.60
207,16.70,-1.65
208,16.78,-1.72
209,16.44,-1.39
210,16.69,-1.63
211,16.55,-1.50
212,16.71,-1.65
213,16.74,-1.68
214,16.68,-1.63
215,16.67,-1.62
216,16.67,-1.61
217,16.62,-1.57
218,16.70,-1.64
219,16.64,-1.59
220,16.67,-1.62
221,16.39,-1.34
222,16.57,-1.51
223,16.68,-1.62
224,16.64,-1.59
225,16.64,-1.58
226,16.66,-1.60
227,16.71,-1.65
228,16.64,-1.58
229,16.57,-1.51
230,16.60,-1.55
231,16.67,-1.62
232,16.67,-1.62
233,16.89,-1.84
234,16.67,-1.61
235,16.66,-1.60
236,16.62,-1.57
237,16.76,-1.70
238,16.92,-1.86
239,16.68,-1.63
240,16.63,-1.58
241,16.76,-1.71
242,16.95,-1.90
243,17.02,-1.97
244,16.86,-1.81
245,16.90,-1.84
246,16.94,-1.88
247,17.26,-2.20
248,16.93,-1.87
249,16.96,-1.91
250,17.11,-2.06
251,17.25,-2.19
252,16.87,-1.81
253,16.98,-1.93
254,17.30,-2.24
255,17.09,-2.03
256,17.24,-2.19
257,17.26,-2.20
258,17.30,-2.25
259,17.19,-2.14
260,17.27,-2.21
261,17.27,-2.22
262,17.24,-2.18
263,17.35,-2.29
264,17.30,-2.25
265,17.28,-2.22
266,17.19,-2.13
267,17.34,-2.29
268,17.20,-2.14
269,17.21,-2.15
270,17.37,-2.31
271,17.34,-2.28
272,17.17,-2.11
273,17.22,-2.16
274,17.24,-2.18
275,17.21,-2.16
276,16.97,-1.92
277,17.00,-1.95
278,16.94,-1.89
279,17.10,-2.04
280,17.02,-1.97
281,16.92,-1.87
282,17.00,-1.94
283,16.89,-1.83
284,16.64,-1.59
285,16.70,-1.64
286,16.70,-1.64
287,16.74,-1.68
288,16.74,-1.68
289,16.68,-1.63
290,16.47,-1.41
291,16.52,-1.46
292,16.58,-1.52
293,16.42,-1.36
294,16.43,-1.37
295,16.37,-1.31
296,16.45,-1.40
297,16.42,-1.37
298,16.14,-1.09
299,16.24,-1.18
300,16.26,-1.20
301,16.01,-0.95
302,16.18,-1.13
303,16.17,-1.12
304,16.13,-1.08
305,16.17,-1.11
306,16.03,-0.98
307,16.02,-0.96
308,15.95,-0.89
309,16.04,-0.98
310,16.19,-1.13
311,16.17,-1.11
312,16.13,-1.08
313,16.14,-1.08
314,16.13,-1.08
315,16.03,-0.97
316,16.14,-1.09
317,16.19,-1.14
318,16.18,-1.13
319,16.32,-1.26
320,16.32,-1.27
321,16.22,-1.16
322,15.94,-0.88
323,16.12,-1.06
324,16.11,-1.06
325,16.24,-1.19
326,16.16,-1.10
327,16.12,-1.07
328,16.25,-1.19
329,16.26,-1.20
330,16.45,-1.39
331,16.14,-1.08
332,16.28,-1.22
333,16.18,-1.12
334,16.22,-1.16
335,16.16,-1.11
336,16.19,-1.14
337,16.29,-1.24
338,16.12,-1.06
339,16.27,-1.22
340,16.29,-1.24
341,16.17,-1.11
342,16.32,-1.27
343,16.26,-1.20
344,16.21,-1.16
345,16.24,-1.18
346,16.01,-0.95
347,15.98,-0.93
348,16.15,-1.09
349,16.15,-1.10
350,16.14,-1.08
351,16.12,-1.07
352,16.25,-1.20
353,16.06,-1.01
354,15.97,-0.91
355,16.01,-0.96
356,15.97,-0.91
357,15.92,-0.86
358,15.97,-0.91
359,16.11,-1.05
360,15.81,-0.76
361,15.86,-0.81
362,16.10,-1.05
363,15.85,-0.80
364,15.95,-0.90
365,15.87,-0.82
366,15.74,-0.68
367,15.98,-0.93
368,15.80,-0.75
369,15.83,-0.78
370,15.68,-0.63
371,15.94,-0.89
372,15.62,-0.57
373,15.75,-0.69
374,15.81,-0.75
375,15.78,-0.72
376,15.77,-0.72
377,15.86,-0.81
378,15.76,-0.70
379,15.77,-0.71
380,15.53,-0.48
381,15.78,-0.72
382,15.67,-0.61
383,15.76,-0.71
384,15.68,-0.62
385,15.67,-0.62
386,15.68,-0.63
387,15.71,-0.65
388,15.72,-0.66
389,15.71,-0.66
390,15.83,-0.77
391,15.84,-0.78
392,15.63,-0.57
393,15.95,-0.90
394,15.84,-0.79
395,15.75,-0.70
396,15.83,-0.77
397,15.91,-0.85
398,16.07,-1.01
399,15.93,-0.87
400,15.88,-0.82
401,16.22,-1.17
402,15.88,-0.83
403,16.10,-1.05
404,16.08,-1.03
405,16.10,-1.05
406,16.15,-1.09
407,16.04,-0.98
408,16.18,-1.13
409,16.24,-1.19
410,16.19,-1.14
411,16.15,-1.10
412,16.20,-1.15
413,16.19,-1.14
414,16.35,-1.29
415,16.32,-1.26
416,16.16,-1.10
417,16.14,-1.08
418,16.13,-1.07
419,16.35,-1.29
420,16.06,-1.00
421,16.07,-1.01
422,16.13,-1.07
423,16.00,-0.95
424,16.15,-1.09
425,15.95,-0.90
426,16.07,-1.01
427,16.06,-1.01
428,15.78,-0.72
429,16.14,-1.08
430,16.06,-1.00
431,15.76,-0.71
432,15.81,-0.75
433,15.70,-0.65
434,15.75,-0.69
435,15.79,-0.74
436,15.88,-0.82
437,15.89,-0.84
438,15.85,-0.80
439,15.79,-0.74
440,15.87,-0.81
441,15.68,-0.62
442,15.61,-0.56
443,15.63,-0.57
444,15.67,-0.62
445,15.62,-0.57
446,15.66,-0.60
447,15.72,-0.66
448,15.50,-0.44
449,15.76,-0.71
450,15.78,-0.72
451,15.70,-0.64
452,15.79,-0.74
453,15.69,-0.63
454,15.55,-0.49
455,15.68,-0.63
456,15.70,-0.65
457,15.77,-0.72
458,15.90,-0.84
459,15.58,-0.52
460,15.74,-0.69
461,15.72,-0.67
462,15.77,-0.71
463,15.84,-0.79
464,16.01,-0.95
465,16.00,-0.95
466,16.03,-0.97
467,15.94,-0.88
468,15.91,-0.85
469,15.94,-0.88
470,16.00,-0.94
471,16.00,-0.94
472,16.13,-1.07
473,16.11,-1.05
474,16.08,-1.02
475,16.22,-1.16
476,16.28,-1.23
477,16.34,-1.29
478,16.16,-1.11
479,16.26,-1.21
480,16.16,-1.10
481,16.32,-1.27
482,16.19,-1.13
483,16.24,-1.19
484,16.14,-1.08
485,16.14,-1.09
486,15.99,-0.93
487,16.13,-1.08
488,16.08,-1.02
489,16.09,-1.04
490,16.17,-1.12
491,16.05,-1.00
492,15.89,-0.83
493,16.08,-1.03
494,15.98,-0.93
495,15.93,-0.88
496,15.86,-0.80
497,15.88,-0.82
498,15.99,-0.94
499,15.76,-0.70
500,15.94,-0.89
501,15.79,-0.73
502,15.94,-0.88
503,15.85,-0.79
504,15.81,-0.75
505,15.68,-0.63
506,15.66,-0.61
507,15.73,-0.68
508,15.46,-0.40
509,15.78,-0.73
510,15.53,-0.48
511,15.70,-0.65
512,15.61,-0.56
513,15.49,-0.44
514,15.48,-0.43
515,15.52,-0.47
516,15.43,-0.37
517,15.35,-0.30
518,15.35,-0.29
519,15.31,-0.26
520,15.51,-0.46
521,15.32,-0.27
522,15.29,-0.24
523,15.10,-0.04
524,15.29,-0.23
525,15.29,-0.23
526,15.19,-0.14
527,15.30,-0.24
528,15.24,-0.18
529,15.17,-0.11
530,15.01,0.04
531,15.19,-0.13
532,15.13,-0.07
533,15.18,-0.12
534,15.03,0.03
535,15.10,-0.04
536,14.83,0.22
537,15.10,-0.05
538,15.10,-0.04
539,15.03,0.02
540,15.00,0.05
541,15.21,-0.16
542,15.05,0.01
543,15.01,0.05
544,14.86,0.20
545,15.17,-0.11
546,14.90,0.16
547,15.21,-0.16
548,14.95,0.11
549,14.97,0.09
550,14.82,0.23
551,14.95,0.11
552,15.07,-0.02
553,14.90,0.15
554,14.99,0.07
555,15.09,-0.04
556,15.09,-0.03
557,15.00,0.06
558,15.16,-0.10
559,15.02,0.04
560,15.08,-0.03
561,15.15,-0.09
562,15.08,-0.03
563,14.90,0.15
564,15.24,-0.18
565,14.93,0.13
566,15.03,0.03
567,14.94,0.11
568,15.10,-0.05
569,14.85,0.21
570,15.25,-0.19
571,14.83,0.23
572,14.84,0.22
573,14.99,0.07
574,14.89,0.17
575,14.86,0.20
576,15.04,0.01
577,14.87,0.18
578,14.98,0.08
579,15.00,0.05
580,14.84,0.22
581,14.84,0.21
582,14.82,0.23
583,14.77,0.29
584,14.94,0.11
585,14.78,0.28
586,14.58,0.48
587,14.76,0.30
588,14.69,0.37
589,14.75,0.30
590,14.67,0.39
591,14.75,0.31
592,14.61,0.45
593,14.73,0.32
594,14.75,0.30
595,14.75,0.30
596,14.58,0.47
597,14.72,0.33
598,14.66,0.40
599,14.63,0.42
600,14.59,0.47
601,14.56,0.50
602,14.62,0.43
603,14.71,0.34
604,14.87,0.19
605,14.73,0.33
606,14.70,0.36
607,14.89,0.17
608,14.81,0.25
609,14.80,0.26
610,14.83,0.22
611,14.94,0.12
612,14.84,0.21
613,14.89,0.16
614,14.69,0.36
615,14.92,0.13
616,14.94,0.12
617,14.99,0.06
618,14.92,0.14
619,15.03,0.02
620,14.87,0.18
621,15.02,0.04
622,15.15,-0.09
623,14.91,0.15
624,15.08,-0.02
625,15.17,-0.12
626,15.22,-0.16
627,15.24,-0.18
628,15.31,-0.25
629,15.08,-0.03
630,15.13,-0.08
631,15.24,-0.18
632,15.32,-0.26
633,15.27,-0.21
634,15.31,-0.25
635,15.34,-0.29
636,15.17,-0.12
637,15.55,-0.49
638,15.21,-0.15
639,15.43,-0.38
640,15.32,-0.26
641,15.29,-0.24
642,15.43,-0.37
643,15.24,-0.19
644,15.42,-0.36
645,15.37,-0.31
646,15.45,-0.40
647,15.27,-0.21
648,15.43,-0.38
649,15.32,-0.26
650,15.24,-0.18
651,15.34,-0.29
652,15.37,-0.32
653,15.38,-0.32
654,15.43,-0.37
655,15.35,-0.29
656,15.40,-0.34
657,15.28,-0.22
658,15.24,-0.18
659,15.36,-0.30
660,15.36,-0.30
661,15.39,-0.33
662,15.38,-0.33
663,15.41,-0.35
664,15.33,-0.28
665,15.36,-0.30
666,15.38,-0.32
667,15.26,-0.20
668,15.52,-0.47
669,15.47,-0.41
670,15.38,-0.32
671,15.37,-0.31
672,15.44,-0.39
673,15.52,-0.46
674,15.50,-0.45
675,15.41,-0.36
676,15.46,-0.41
677,15.43,-0.38
678,15.59,-0.53
679,15.26,-0.20
680,15.35,-0.30
681,15.45,-0.40
682,15.34,-0.28
683,15.43,-0.37
684,15.40,-0.34
685,15.51,-0.45
686,15.40,-0.34
687,15.50,-0.44
688,15.42,-0.36
689,15.41,-0.36
690,15.51,-0.46
691,15.56,-0.50
692,15.39,-0.33
693,15.45,-0.39
694,15.41,-0.35
695,15.37,-0.31
696,15.39,-0.34
697,15.52,-0.46
698,15.47,-0.42
699,15.47,-0.42
700,15.44,-0.38
701,15.32,-0.26
702,15.38,-0.33
703,15.46,-0.40
704,15.41,-0.36
705,15.61,-0.56
706,15.42,-0.36
707,15.51,-0.45
708,15.53,-0.48
709,15.42,-0.36
710,15.38,-0.32
711,15.27,-0.21
712,15.44,-0.38
713,15.48,-0.43
714,15.49,-0.43
715,15.34,-0.29
716,15.42,-0.36
717,15.49,-0.44
718,15.52,-0.47
719,15.46,-0.40
720,15.51,-0.46
721,15.50,-0.45
722,15.34,-0.29
723,15.30,-0.25
724,15.16,-0.10
725,15.34,-0.28
726,15.20,-0.14
727,15.50,-0.45
728,15.43,-0.37
729,15.20,-0.15
730,15.30,-0.25
731,15.33,-0.28
732,15.16,-0.10
733,15.27,-0.22
734,15.37,-0.31
735,15.32,-0.26
736,15.29,-0.23
737,15.21,-0.15
738,15.30,-0.24
739,15.24,-0.19
740,15.18,-0.12
741,15.36,-0.30
742,15.33,-0.27
743,15.42,-0.36
744,15.48,-0.42
745,15.32,-0.27
746,15.39,-0.33
747,15.26,-0.21
748,15.18,-0.12
749,15.41,-0.35
750,15.27,-0.22
751,15.44,-0.38
752,15.58,-0.53
753,15.54,-0.48
754,15.32,-0.26
755,15.44,-0.39
756,15.59,-0.53
757,15.46,-0.40
758,15.35,-0.29
759,15.40,-0.35
760,15.58,-0.52
761,15.54,-0.48
762,15.37,-0.32
763,15.63,-0.57
764,15.52,-0.46
765,15.68,-0.62
766,15.53,-0.47
767,15.57,-0.51
768,15.58,-0.52
769,15.36,-0.30
770,15.50,-0.45
771,15.45,-0.39
772,15.75,-0.70
773,15.58,-0.52
774,15.56,-0.51
775,15.68,-0.62
776,15.57,-0.52
777,15.47,-0.41
778,15.66,-0.60
779,15.55,-0.49
780,15.62,-0.56
781,15.44,-0.39
782,15.66,-0.60
783,15.51,-0.45
784,15.65,-0.60
785,15.68,-0.62
786,15.55,-0.49
787,15.60,-0.55
788,15.49,-0.44
789,15.42,-0.36
790,15.59,-0.53
791,15.48,-0.42
792,15.56,-0.51
793,15.50,-0.44
794,15.71,-0.65
795,15.57,-0.52
796,15.49,-0.43
797,15.53,-0.47
798,15.54,-0.48
799,15.54,-0.49
800,15.52,-0.46
801,15.59,-0.54
802,15.68,-0.62
803,15.67,-0.62
804,15.55,-0.50
805,15.61,-0.55
806,15.49,-0.44
807,15.57,-0.52
808,15.55,-0.50
809,15.75,-0.69
810,15.60,-0.54
811,15.70,-0.65
812,15.86,-0.81
813,15.60,-0.54
814,15.66,-0.60
815,15.79,-0.73
816,15.77,-0.71
817,15.71,-0.65
818,15.77,-0.71
819,15.61,-0.55
820,15.68,-0.62
821,15.63,-0.58
822,15.87,-0.82
823,15.80,-0.74
824,15.76,-0.70
825,15.86,-0.81
826,15.81,-0.75
827,15.74,-0.68
828,15.87,-0.81
829,15.93,-0.88
830,15.82,-0.76
831,15.90,-0.84
832,15.84,-0.78
833,15.84,-0.78
834,15.89,-0.83
835,16.05,-0.99
836,15.98,-0.92
837,16.13,-1.07
838,15.94,-0.88
839,16.04,-0.99
840,15.95,-0.89
841,16.12,-1.06
842,16.03,-0.97
843,16.24,-1.19
844,16.07,-1.02
845,16.04,-0.98
846,16.06,-1.01
847,16.21,-1.15
848,16.08,-1.03
849,16.05,-0.99
850,16.12,-1.06
851,16.20,-1.15
852,16.12,-1.06
853,16.10,-1.05
854,16.11,-1.06
855,16.27,-1.21
856,16.12,-1.06
857,15.95,-0.89
858,16.32,-1.27
859,16.13,-1.07
860,16.06,-1.00
861,16.11,-1.06
862,16.35,-1.29
863,16.26,-1.20
864,16.32,-1.26
865,16.09,-1.04
866,16.36,-1.30
867,16.43,-1.38
868,16.37,-1.31
869,16.44,-1.39
870,16.29,-1.23
871,16.32,-1.26
872,16.14,-1.08
873,16.22,-1.16
874,16.34,-1.29
875,16.38,-1.32
876,16.25,-1.20
877,16.36,-1.30
878,16.57,-1.52
879,16.37,-1.32
880,16.49,-1.43
881,16.47,-1.41
882,16.33,-1.28
883,16.12,-1.06
884,16.39,-1.33
885,16.37,-1.32
886,16.35,-1.30
887,16.28,-1.22
888,16.17,-1.11
889,16.39,-1.33
890,16.42,-1.37
891,16.39,-1.33
892,16.42,-1.36
893,16.39,-1.33
894,16.33,-1.27
895,16.09,-1.04
896,16.27,-1.21
897,16.31,-1.25
898,16.30,-1.25
899,16.05,-1.00
900,16.34,-1.29
901,16.31,-1.25
902,16.20,-1.15
903,16.33,-1.28
904,16.11,-1.06
905,15.97,-0.92
906,16.39,-1.33
907,16.02,-0.96
908,16.25,-1.19
909,16.05,-1.00
910,15.99,-0.93
911,16.04,-0.99
912,16.12,-1.06
913,15.93,-0.88
914,15.90,-0.85
915,16.01,-0.96
916,15.92,-0.87
917,15.86,-0.81
918,15.88,-0.83
919,15.87,-0.82
920,15.81,-0.76
921,15.96,-0.90
922,15.79,-0.73
923,15.85,-0.80
924,15.88,-0.82
925,15.77,-0.72
926,15.80,-0.74
927,15.81,-0.76
928,15.82,-0.76
929,15.79,-0.73
930,15.55,-0.50
931,15.70,-0.64
932,15.49,-0.44
933,15.67,-0.62
934,15.62,-0.57
935,15.49,-0.44
936,15.56,-0.50
937,15.53,-0.47
938,15.52,-0.47
939,15.58,-0.53
940,15.43,-0.37
941,15.54,-0.49
942,15.57,-0.52
943,15.45,-0.39
944,15.50,-0.44
945,15.50,-0.44
946,15.55,-0.50
947,15.42,-0.37
948,15.44,-0.38
949,15.28,-0.22
950,15.29,-0.23
951,15.34,-0.28
952,15.40,-0.34
953,15.22,-0.16
954,15.33,-0.27
955,15.34,-0.28
956,15.33,-0.27
957,15.21,-0.15
958,15.14,-0.09
959,15.33,-0.27
960,15.26,-0.20
961,15.25,-0.20
962,15.23,-0.18
963,15.06,-0.01
964,15.18,-0.12
965,15.09,-0.04
966,14.87,0.19
967,15.04,0.02
968,14.97,0.09
969,14.97,0.09
970,14.83,0.22
971,14.84,0.22
972,14.95,0.11
973,14.96,0.10
974,14.89,0.16
975,14.99,0.06
976,14.99,0.06
977,14.64,0.42
978,14.94,0.11
979,14.78,0.28
980,14.83,0.23
981,14.95,0.10
982,14.86,0.19
983,14.90,0.15
984,15.02,0.04
985,15.07,-0.01
986,14.78,0.28
987,14.96,0.09
988,14.86,0.19
989,14.98,0.07
990,14.80,0.26
991,14.87,0.19
992,14.82,0.24
993,14.91,0.15
994,14.68,0.38
995,14.73,0.32
996,14.89,0.17
997,14.78,0.28
998,14.95,0.11
999,14.83,0.23
1000,14.83,0.23
