Freq = 540MHz, Power = 15.33 , Attn = 7.0
5,20.58,-2.25
6,20.83,-2.50
7,20.85,-2.52
8,17.90,-2.57
9,17.80,-2.47
10,17.75,-2.42
11,17.73,-2.40
12,17.65,-2.33
13,17.72,-2.39
14,17.57,-2.24
15,17.53,-2.20
16,17.39,-2.06
17,17.44,-2.11
18,17.52,-2.20
19,17.49,-2.17
20,17.62,-2.29
21,17.38,-2.05
22,17.59,-2.26
23,17.30,-1.97
24,17.44,-2.11
25,17.44,-2.11
26,17.39,-2.07
27,17.45,-2.12
28,17.39,-2.06
29,17.45,-2.12
30,17.42,-2.09
31,17.48,-2.16
32,17.54,-2.22
33,17.59,-2.26
34,17.65,-2.32
35,17.41,-2.08
36,17.45,-2.13
37,17.54,-2.21
38,17.63,-2.31
39,17.48,-2.15
40,17.79,-2.46
41,17.66,-2.33
42,17.60,-2.28
43,17.70,-2.37
44,17.64,-2.31
45,17.67,-2.34
46,17.58,-2.25
47,17.59,-2.26
48,17.61,-2.29
49,17.57,-2.24
50,17.78,-2.45
51,17.65,-2.32
52,17.76,-2.43
53,17.66,-2.33
54,17.49,-2.16
55,17.67,-2.34
56,17.66,-2.33
57,17.50,-2.17
58,17.69,-2.36
59,17.60,-2.27
60,17.57,-2.24
61,17.46,-2.13
62,17.63,-2.31
63,17.72,-2.39
64,17.52,-2.19
65,17.30,-1.97
66,17.65,-2.32
67,17.71,-2.38
68,17.50,-2.17
69,17.58,-2.25
70,17.56,-2.23
71,17.40,-2.07
72,17.38,-2.05
73,17.33,-2.00
74,17.51,-2.18
75,17.25,-1.92
76,17.65,-2.32
77,17.68,-2.35
78,17.50,-2.18
79,17.61,-2.28
80,17.61,-2.28
81,17.62,-2.29
82,17.57,-2.24
83,17.52,-2.20
84,17.51,-2.19
85,17.70,-2.37
86,17.61,-2.28
87,17.70,-2.37
88,17.75,-2.42
89,17.59,-2.26
90,17.76,-2.43
91,17.64,-2.31
92,17.86,-2.53
93,17.75,-2.43
94,17.80,-2.47
95,17.66,-2.33
96,17.63,-2.30
97,17.71,-2.38
98,17.91,-2.58
99,17.79,-2.47
100,18.03,-2.70
101,17.93,-2.60
102,17.99,-2.67
103,17.89,-2.56
104,17.89,-2.56
105,17.93,-2.60
106,17.97,-2.64
107,17.64,-2.32
108,18.19,-2.86
109,17.97,-2.64
110,17.99,-2.66
111,17.83,-2.50
112,17.96,-2.63
113,17.72,-2.39
114,18.17,-2.84
115,17.87,-2.54
116,17.91,-2.58
117,17.81,-2.48
118,17.66,-2.33
119,17.98,-2.65
120,17.79,-2.46
121,17.91,-2.59
122,17.77,-2.44
123,17.71,-2.38
124,17.75,-2.43
125,17.78,-2.46
126,17.76,-2.43
127,17.71,-2.38
128,17.71,-2.38
129,17.51,-2.18
130,17.60,-2.27
131,17.63,-2.30
132,17.43,-2.10
133,17.36,-2.03
134,17.36,-2.03
135,17.54,-2.21
136,17.27,-1.94
137,17.43,-2.11
138,17.34,-2.01
139,17.21,-1.88
140,17.23,-1.90
141,17.18,-1.85
142,17.19,-1.87
143,17.13,-1.81
144,16.97,-1.64
145,16.88,-1.56
146,16.89,-1.56
147,17.06,-1.73
148,16.85,-1.52
149,17.03,-1.70
150,16.82,-1.49
151,16.85,-1.52
152,16.85,-1.52
153,16.96,-1.63
154,16.75,-1.43
155,16.87,-1.54
156,16.88,-1.55
157,16.92,-1.60
158,16.71,-1.38
159,16.71,-1.38
160,16.75,-1.42
161,16.70,-1.37
162,16.78,-1.45
163,16.78,-1.45
164,16.84,-1.52
165,17.02,-1.70
166,16.69,-1.36
167,16.75,-1.42
168,16.81,-1.48
169,16.84,-1.51
170,16.75,-1.42
171,16.73,-1.41
172,16.69,-1.36
173,16.89,-1.56
174,16.74,-1.42
175,16.80,-1.47
176,16.77,-1.44
177,16.73,-1.40
178,16.76,-1.43
179,16.86,-1.54
180,16.92,-1.59
181,16.76,-1.43
182,16.99,-1.66
183,16.96,-1.63
184,16.93,-1.60
185,16.86,-1.53
186,16.84,-1.51
187,16.98,-1.65
188,16.95,-1.62
189,16.99,-1.66
190,16.96,-1.63
191,16.87,-1.54
192,16.81,-1.48
193,16.93,-1.60
194,16.91,-1.58
195,16.86,-1.53
196,16.83,-1.50
197,16.80,-1.47
198,16.96,-1.63
199,16.80,-1.47
200,16.72,-1.39
201,16.92,-1.59
202,16.78,-1.45
203,16.89,-1.57
204,16.86,-1.53
205,16.79,-1.46
206,16.86,-1.53
207,16.92,-1.59
208,16.87,-1.54
209,16.94,-1.61
210,16.93,-1.60
211,16.83,-1.50
212,16.90,-1.57
213,16.68,-1.35
214,16.80,-1.47
215,16.76,-1.43
216,16.63,-1.30
217,16.62,-1.29
218,16.51,-1.18
219,16.75,-1.42
220,16.76,-1.43
221,16.68,-1.36
222,16.57,-1.24
223,16.83,-1.50
224,16.85,-1.52
225,16.83,-1.51
226,16.80,-1.48
227,16.81,-1.48
228,16.86,-1.53
229,16.74,-1.42
230,16.78,-1.45
231,16.86,-1.53
232,16.85,-1.52
233,16.89,-1.56
234,17.04,-1.71
235,16.90,-1.57
236,17.06,-1.73
237,16.88,-1.56
238,17.17,-1.84
239,17.12,-1.80
240,17.00,-1.67
241,17.24,-1.91
242,17.12,-1.79
243,17.08,-1.75
244,16.92,-1.59
245,17.13,-1.80
246,17.14,-1.81
247,17.32,-1.99
248,17.26,-1.93
249,17.33,-2.00
250,17.19,-1.86
251,17.40,-2.07
252,17.50,-2.17
253,17.36,-2.04
254,17.38,-2.05
255,17.32,-1.99
256,17.37,-2.04
257,17.42,-2.10
258,17.36,-2.03
259,17.58,-2.25
260,17.76,-2.44
261,17.49,-2.16
262,17.52,-2.19
263,17.42,-2.09
264,17.58,-2.26
265,17.52,-2.19
266,17.59,-2.26
267,17.44,-2.11
268,17.46,-2.13
269,17.44,-2.11
270,17.34,-2.01
271,17.45,-2.12
272,17.48,-2.15
273,17.37,-2.04
274,17.29,-1.96
275,17.32,-1.99
276,17.37,-2.04
277,17.20,-1.88
278,17.19,-1.87
279,17.30,-1.97
280,17.06,-1.73
281,17.18,-1.86
282,17.07,-1.74
283,17.05,-1.72
284,17.17,-1.84
285,17.06,-1.73
286,16.90,-1.57
287,16.69,-1.37
288,16.82,-1.49
289,16.81,-1.48
290,16.82,-1.49
291,16.64,-1.31
292,16.70,-1.37
293,16.65,-1.33
294,16.58,-1.25
295,16.39,-1.06
296,16.57,-1.24
297,16.47,-1.15
298,16.38,-1.06
299,16.34,-1.01
300,16.45,-1.12
301,16.51,-1.18
302,16.44,-1.11
303,16.54,-1.21
304,16.20,-0.88
305,16.50,-1.17
306,16.37,-1.04
307,16.49,-1.16
308,16.36,-1.03
309,16.23,-0.91
310,16.30,-0.97
311,16.06,-0.73
312,16.35,-1.02
313,16.50,-1.18
314,16.30,-0.97
315,16.49,-1.16
316,16.40,-1.07
317,16.43,-1.10
318,16.40,-1.07
319,16.31,-0.98
320,16.55,-1.22
321,16.35,-1.03
322,16.31,-0.98
323,16.44,-1.11
324,16.40,-1.07
325,16.51,-1.18
326,16.34,-1.01
327,16.44,-1.12
328,16.43,-1.10
329,16.55,-1.22
330,16.55,-1.22
331,16.54,-1.21
332,16.44,-1.11
333,16.26,-0.93
334,16.56,-1.23
335,16.44,-1.11
336,16.42,-1.09
337,16.42,-1.09
338,16.51,-1.18
339,16.45,-1.12
340,16.40,-1.07
341,16.47,-1.14
342,16.63,-1.30
343,16.43,-1.10
344,16.31,-0.99
345,16.31,-0.98
346,16.20,-0.87
347,16.29,-0.96
348,16.25,-0.92
349,16.19,-0.87
350,16.51,-1.18
351,16.17,-0.84
352,16.26,-0.93
353,16.42,-1.09
354,16.22,-0.89
355,16.20,-0.87
356,16.10,-0.78
357,16.20,-0.87
358,16.18,-0.85
359,16.13,-0.80
360,16.01,-0.68
361,15.97,-0.64
362,16.02,-0.69
363,15.96,-0.63
364,15.96,-0.63
365,15.97,-0.64
366,15.88,-0.56
367,16.06,-0.73
368,16.03,-0.70
369,15.94,-0.62
370,15.95,-0.62
371,15.92,-0.60
372,15.82,-0.49
373,15.82,-0.49
374,16.03,-0.70
375,16.03,-0.70
376,15.84,-0.51
377,15.92,-0.59
378,15.97,-0.64
379,15.93,-0.60
380,15.86,-0.53
381,15.89,-0.56
382,15.92,-0.59
383,15.80,-0.47
384,15.83,-0.50
385,15.87,-0.54
386,15.77,-0.44
387,16.08,-0.75
388,15.95,-0.62
389,15.98,-0.66
390,16.03,-0.70
391,15.94,-0.61
392,16.28,-0.96
393,16.06,-0.74
394,16.16,-0.83
395,15.95,-0.62
396,16.14,-0.81
397,16.09,-0.76
398,16.05,-0.72
399,16.23,-0.90
400,16.44,-1.11
401,16.27,-0.94
402,16.23,-0.91
403,16.29,-0.96
404,16.28,-0.95
405,16.18,-0.85
406,16.34,-1.02
407,16.44,-1.12
408,16.22,-0.89
409,16.34,-1.01
410,16.48,-1.16
411,16.48,-1.16
412,16.42,-1.09
413,16.40,-1.08
414,16.42,-1.09
415,16.38,-1.05
416,16.40,-1.07
417,16.42,-1.09
418,16.36,-1.04
419,16.34,-1.01
420,16.45,-1.12
421,16.31,-0.98
422,16.31,-0.98
423,16.59,-1.26
424,16.42,-1.09
425,16.44,-1.11
426,16.12,-0.79
427,16.10,-0.77
428,16.14,-0.81
429,16.32,-0.99
430,16.22,-0.89
431,16.13,-0.80
432,16.24,-0.91
433,16.12,-0.79
434,16.28,-0.95
435,16.09,-0.76
436,16.11,-0.78
437,16.14,-0.81
438,16.03,-0.70
439,16.22,-0.89
440,16.10,-0.77
441,16.01,-0.68
442,15.80,-0.47
443,16.00,-0.67
444,16.10,-0.77
445,16.00,-0.67
446,16.04,-0.71
447,15.85,-0.52
448,16.04,-0.71
449,15.86,-0.54
450,16.27,-0.94
451,16.04,-0.71
452,16.11,-0.78
453,15.92,-0.60
454,16.11,-0.78
455,15.96,-0.63
456,16.22,-0.89
457,16.18,-0.85
458,16.11,-0.78
459,16.18,-0.85
460,16.30,-0.98
461,16.44,-1.11
462,16.37,-1.04
463,15.93,-0.60
464,16.23,-0.91
465,16.12,-0.79
466,16.27,-0.94
467,16.39,-1.06
468,16.11,-0.79
469,16.38,-1.05
470,16.39,-1.06
471,16.34,-1.01
472,16.30,-0.98
473,16.27,-0.94
474,16.48,-1.15
475,16.48,-1.16
476,16.36,-1.03
477,16.43,-1.10
478,16.42,-1.09
479,16.37,-1.05
480,16.42,-1.09
481,16.53,-1.20
482,16.55,-1.22
483,16.25,-0.92
484,16.47,-1.14
485,16.52,-1.19
486,16.37,-1.04
487,16.14,-0.81
488,16.48,-1.15
489,16.26,-0.93
490,16.44,-1.12
491,16.48,-1.15
492,16.20,-0.87
493,16.01,-0.68
494,16.26,-0.93
495,16.15,-0.82
496,16.27,-0.95
497,16.00,-0.67
498,16.18,-0.85
499,16.16,-0.83
500,16.17,-0.84
501,15.90,-0.57
502,15.92,-0.59
503,16.08,-0.75
504,16.02,-0.69
505,15.89,-0.56
506,15.89,-0.56
507,15.79,-0.46
508,15.90,-0.58
509,15.95,-0.63
510,16.00,-0.67
511,15.88,-0.55
512,15.75,-0.42
513,15.56,-0.23
514,15.82,-0.49
515,15.71,-0.38
516,15.72,-0.39
517,15.70,-0.37
518,15.54,-0.21
519,15.82,-0.49
520,15.51,-0.18
521,15.57,-0.24
522,15.58,-0.25
523,15.54,-0.21
524,15.34,-0.01
525,15.36,-0.03
526,15.30,0.03
527,15.32,0.00
528,15.06,0.27
529,15.41,-0.08
530,15.09,0.24
531,15.26,0.07
532,15.26,0.07
533,15.27,0.06
534,15.22,0.11
535,15.24,0.09
536,15.45,-0.12
537,15.38,-0.05
538,15.36,-0.03
539,15.22,0.11
540,15.21,0.12
541,15.30,0.03
542,15.37,-0.04
543,15.20,0.12
544,15.31,0.02
545,15.23,0.10
546,15.26,0.07
547,15.26,0.07
548,15.35,-0.02
549,15.23,0.09
550,15.17,0.16
551,15.23,0.09
552,15.26,0.07
553,15.44,-0.12
554,15.24,0.09
555,15.14,0.19
556,15.23,0.10
557,15.09,0.23
558,15.21,0.12
559,15.36,-0.03
560,15.29,0.04
561,15.47,-0.14
562,15.38,-0.05
563,15.27,0.06
564,15.27,0.06
565,15.33,-0.01
566,15.20,0.13
567,15.33,-0.01
568,15.36,-0.03
569,15.30,0.02
570,15.19,0.14
571,15.13,0.20
572,15.29,0.04
573,15.42,-0.09
574,15.15,0.18
575,15.25,0.08
576,15.29,0.04
577,15.08,0.25
578,15.12,0.21
579,15.27,0.05
580,15.01,0.32
581,15.06,0.27
582,15.17,0.16
583,15.04,0.29
584,15.05,0.28
585,15.06,0.27
586,15.09,0.24
587,15.04,0.29
588,15.03,0.30
589,15.14,0.19
590,15.03,0.30
591,14.95,0.38
592,15.21,0.12
593,14.98,0.35
594,15.06,0.26
595,14.99,0.34
596,15.07,0.26
597,15.04,0.29
598,15.04,0.29
599,15.08,0.25
600,15.00,0.33
601,15.23,0.10
602,15.27,0.06
603,15.20,0.13
604,15.15,0.18
605,15.27,0.06
606,15.36,-0.03
607,15.45,-0.12
608,15.44,-0.11
609,15.38,-0.05
610,15.26,0.07
611,15.38,-0.06
612,15.59,-0.26
613,15.44,-0.11
614,15.65,-0.32
615,15.53,-0.20
616,15.49,-0.16
617,15.60,-0.27
618,15.49,-0.16
619,15.72,-0.39
620,15.50,-0.17
621,15.51,-0.18
622,15.79,-0.46
623,15.63,-0.30
624,15.71,-0.38
625,15.72,-0.39
626,15.81,-0.48
627,15.90,-0.57
628,15.79,-0.46
629,15.59,-0.26
630,15.85,-0.52
631,15.87,-0.54
632,15.84,-0.52
633,15.73,-0.41
634,15.94,-0.61
635,15.76,-0.43
636,15.81,-0.48
637,15.88,-0.55
638,15.85,-0.52
639,15.88,-0.56
640,15.78,-0.46
641,15.93,-0.61
642,15.71,-0.38
643,15.93,-0.60
644,15.79,-0.46
645,15.91,-0.58
646,15.96,-0.63
647,15.89,-0.56
648,15.81,-0.48
649,15.80,-0.47
650,15.74,-0.42
651,15.85,-0.52
652,15.76,-0.43
653,15.79,-0.46
654,15.92,-0.59
655,15.82,-0.49
656,15.83,-0.50
657,15.86,-0.53
658,15.83,-0.50
659,15.72,-0.39
660,15.82,-0.50
661,15.69,-0.36
662,15.70,-0.37
663,15.75,-0.42
664,15.76,-0.43
665,15.78,-0.46
666,15.78,-0.45
667,15.75,-0.42
668,15.83,-0.50
669,15.76,-0.43
670,15.79,-0.46
671,15.76,-0.43
672,15.74,-0.41
673,15.75,-0.42
674,15.80,-0.47
675,15.90,-0.57
676,15.83,-0.50
677,15.87,-0.54
678,15.88,-0.55
679,15.79,-0.46
680,15.89,-0.56
681,16.03,-0.71
682,15.93,-0.60
683,15.88,-0.56
684,15.95,-0.62
685,16.01,-0.69
686,15.88,-0.55
687,16.06,-0.74
688,15.95,-0.62
689,15.87,-0.54
690,15.91,-0.58
691,16.06,-0.73
692,16.10,-0.78
693,15.96,-0.63
694,15.80,-0.47
695,15.96,-0.63
696,15.97,-0.64
697,16.15,-0.82
698,16.15,-0.82
699,15.96,-0.64
700,15.89,-0.57
701,15.98,-0.65
702,16.01,-0.68
703,15.83,-0.50
704,15.99,-0.66
705,15.84,-0.51
706,15.84,-0.51
707,15.79,-0.46
708,15.94,-0.61
709,15.78,-0.45
710,15.98,-0.65
711,15.97,-0.65
712,15.83,-0.51
713,15.77,-0.44
714,15.85,-0.52
715,15.80,-0.48
716,15.89,-0.56
717,15.69,-0.36
718,15.77,-0.44
719,15.63,-0.30
720,15.72,-0.39
721,15.61,-0.28
722,15.64,-0.31
723,15.57,-0.24
724,15.77,-0.44
725,15.44,-0.11
726,15.38,-0.06
727,15.72,-0.39
728,15.74,-0.42
729,15.54,-0.22
730,15.65,-0.32
731,15.52,-0.19
732,15.48,-0.15
733,15.49,-0.16
734,15.74,-0.42
735,15.54,-0.21
736,15.48,-0.15
737,15.66,-0.33
738,15.73,-0.41
739,15.47,-0.14
740,15.64,-0.31
741,15.60,-0.27
742,15.61,-0.28
743,15.63,-0.30
744,15.58,-0.26
745,15.52,-0.19
746,15.54,-0.21
747,15.71,-0.39
748,15.80,-0.47
749,15.72,-0.39
750,15.61,-0.28
751,15.66,-0.33
752,15.56,-0.23
753,15.62,-0.29
754,15.72,-0.40
755,15.72,-0.39
756,15.80,-0.47
757,15.78,-0.45
758,15.76,-0.44
759,15.79,-0.46
760,15.66,-0.33
761,15.86,-0.54
762,15.79,-0.46
763,15.76,-0.43
764,15.83,-0.50
765,15.89,-0.56
766,15.96,-0.63
767,16.03,-0.70
768,15.97,-0.64
769,15.91,-0.58
770,15.99,-0.66
771,15.92,-0.60
772,16.21,-0.88
773,16.00,-0.68
774,16.07,-0.74
775,16.12,-0.79
776,16.09,-0.76
777,16.07,-0.74
778,16.07,-0.74
779,16.03,-0.70
780,16.09,-0.76
781,16.33,-1.01
782,15.90,-0.58
783,16.29,-0.96
784,16.15,-0.83
785,16.29,-0.96
786,16.22,-0.89
787,16.21,-0.89
788,16.28,-0.95
789,16.18,-0.85
790,16.06,-0.73
791,16.27,-0.94
792,16.09,-0.77
793,16.36,-1.04
794,16.13,-0.80
795,15.96,-0.64
796,16.34,-1.01
797,16.37,-1.04
798,16.27,-0.94
799,16.35,-1.02
800,16.42,-1.10
801,16.37,-1.04
802,16.30,-0.97
803,16.39,-1.06
804,16.30,-0.98
805,16.10,-0.77
806,16.34,-1.01
807,16.25,-0.92
808,16.29,-0.96
809,16.30,-0.97
810,16.39,-1.06
811,16.43,-1.11
812,16.33,-1.00
813,16.43,-1.10
814,16.63,-1.30
815,16.49,-1.16
816,16.55,-1.23
817,16.47,-1.14
818,16.59,-1.26
819,16.50,-1.18
820,16.44,-1.11
821,16.25,-0.92
822,16.66,-1.33
823,16.53,-1.20
824,16.58,-1.25
825,16.53,-1.20
826,16.58,-1.25
827,16.77,-1.44
828,16.81,-1.48
829,16.60,-1.27
830,16.71,-1.39
831,16.74,-1.41
832,16.57,-1.24
833,16.59,-1.26
834,16.64,-1.31
835,16.55,-1.22
836,16.58,-1.25
837,16.71,-1.38
838,16.60,-1.27
839,16.51,-1.18
840,16.66,-1.33
841,16.58,-1.25
842,16.68,-1.35
843,16.70,-1.37
844,16.47,-1.14
845,16.57,-1.24
846,16.79,-1.46
847,16.52,-1.19
848,16.84,-1.51
849,16.78,-1.45
850,16.64,-1.31
851,16.73,-1.41
852,16.70,-1.37
853,16.69,-1.36
854,16.52,-1.19
855,16.64,-1.31
856,16.64,-1.31
857,16.69,-1.36
858,16.75,-1.42
859,16.68,-1.35
860,16.76,-1.43
861,16.73,-1.40
862,16.51,-1.19
863,16.73,-1.40
864,16.67,-1.35
865,16.75,-1.43
866,16.59,-1.27
867,16.56,-1.23
868,16.72,-1.39
869,16.79,-1.46
870,16.58,-1.26
871,16.67,-1.34
872,16.62,-1.29
873,16.74,-1.41
874,16.83,-1.50
875,16.75,-1.42
876,16.66,-1.33
877,16.61,-1.29
878,16.80,-1.48
879,16.82,-1.49
880,16.56,-1.23
881,16.62,-1.29
882,16.72,-1.39
883,16.73,-1.40
884,16.83,-1.50
885,16.78,-1.45
886,16.70,-1.37
887,16.58,-1.25
888,16.83,-1.50
889,16.68,-1.36
890,16.70,-1.37
891,16.97,-1.64
892,16.84,-1.51
893,16.74,-1.42
894,16.74,-1.41
895,16.60,-1.27
896,16.43,-1.11
897,16.67,-1.34
898,16.64,-1.31
899,16.64,-1.31
900,16.63,-1.31
901,16.48,-1.15
902,16.61,-1.28
903,16.46,-1.13
904,16.47,-1.14
905,16.56,-1.23
906,16.38,-1.05
907,16.38,-1.05
908,16.34,-1.01
909,16.48,-1.16
910,16.39,-1.06
911,16.38,-1.05
912,16.38,-1.05
913,16.24,-0.91
914,16.24,-0.91
915,16.27,-0.94
916,16.28,-0.95
917,16.28,-0.95
918,16.12,-0.79
919,16.18,-0.85
920,15.93,-0.60
921,16.26,-0.93
922,16.27,-0.95
923,16.02,-0.69
924,16.05,-0.72
925,16.15,-0.82
926,15.98,-0.65
927,15.86,-0.53
928,15.95,-0.62
929,15.92,-0.59
930,15.99,-0.66
931,15.86,-0.53
932,15.79,-0.46
933,15.78,-0.45
934,15.77,-0.44
935,15.88,-0.55
936,15.74,-0.42
937,15.88,-0.55
938,15.83,-0.50
939,15.91,-0.58
940,15.85,-0.52
941,15.89,-0.56
942,15.78,-0.45
943,15.92,-0.59
944,15.83,-0.51
945,15.64,-0.31
946,15.76,-0.43
947,15.95,-0.62
948,15.76,-0.44
949,15.69,-0.36
950,15.66,-0.34
951,15.71,-0.38
952,15.90,-0.57
953,15.63,-0.30
954,15.73,-0.40
955,15.53,-0.20
956,15.65,-0.32
957,15.72,-0.39
958,15.60,-0.27
959,15.58,-0.25
960,15.71,-0.38
961,15.71,-0.38
962,15.73,-0.41
963,15.73,-0.40
964,15.66,-0.33
965,15.62,-0.29
966,15.81,-0.48
967,15.74,-0.41
968,15.66,-0.33
969,15.69,-0.36
970,15.81,-0.48
971,15.53,-0.20
972,15.77,-0.44
973,15.64,-0.31
974,15.65,-0.32
975,15.65,-0.32
976,15.59,-0.27
977,15.73,-0.40
978,15.40,-0.07
979,15.62,-0.29
980,15.61,-0.28
981,15.54,-0.21
982,15.34,-0.01
983,15.63,-0.31
984,15.46,-0.13
985,15.49,-0.16
986,15.32,0.01
987,15.30,0.03
988,15.58,-0.25
989,15.44,-0.11
990,15.48,-0.15
991,15.46,-0.13
992,15.20,0.13
993,15.52,-0.19
994,15.38,-0.05
995,15.45,-0.13
996,15.33,0.00
997,15.33,-0.00
998,15.39,-0.06
999,15.49,-0.16
1000,15.49,-0.16
